0.144
0.187
0.0079999
0.00500011
0.409
12.994
0.107
15.212
16.218
0.108
0.453
0.107
0.107
0.109
0.109
0.107
0.109
0.107
0.111
0.107
0.105
0.056
0.00999999
0.011
0.055
0.054
0.149
0.058
0.00900006
0.00900006
0.0109999
0.00899982
0.186
0.0380001
0.0239999
0.0110002
0.013
0.013
0.0119998
0.023
0.0190001
0.0239999
0.0140002
0.049
0.00800002
0.00699997
0.00800002
0.00699997
0.0139999
0.132
0.148
0.142
0.155
0.00999999
0.128
0.159
0.0970001
0.121
0.0280001
0.113
0.103
0.103
0.096
0.085
0.475
0.101
0.082
0.28
0.0079999
0.00999999
0.00899982
0.0109999
0.00999999
0.0109999
0.102
0.104
0.112
0.086
0.317
0.0939999
0.144
0.153
0.111
0.128
0.105
0.109
0.24
0.119
0.0190001
0.0190001
0.00899982
0.0150001
0.0109999
0.0140002
0.00999999
0.013
0.0110002
0.0109999
0.0109999
0.0120001
0.0109999
0.0120001
0.0109999
0.0109999
0.0109999
0.0139999
0.0120001
0.0120001
0.00999999
0.013
0.0120001
0.0120001
0.146
0.0100002
0.0079999
0.0120001
0.013
0.0119998
0.00999999
0.0220001
0.0109999
0.0120001
0.013
0.0109999
26.732
0.00899982
0.12
0.00900006
0.242
0.013
0.0119998
0.0120001
0.013
0.0109999
0.017
0.0170002
0.013
0.178
0.0120001
0.0119998
0.023
0.0860002
0.526
0.487
0.521
0.496
0.472
0.401
0.417
0.688
0.757
0.556
0.487
0.384
0.393
0.414
0.42
0.529
0.546
0.411
0.413
0.418
0.427
0.485
0.466
0.738
0.417
0.575
0.527
0.427
0.42
0.413
0.414
0.423
0.423
0.421
0.411
0.711
0.711
0.719
0.725
0.726
0.738
0.723
0.905
0.722
0.751
0.756
0.748
0.729
0.722
0.853
0.786
0.728
0.728
0.709
0.725
0.755
0.834
0.726
0.785
0.802
0.726
0.906
0.754
0.75
0.749
0.825
0.732
0.845
0.831
0.839
0.739
0.819
0.733
0.749
0.805
0.853
0.728
0.752
1.149
1.209
1.064
0.774
0.786
0.438
0.437
0.474
0.515
0.418
0.413
0.499
0.41
0.409
0.467
0.421
0.418
