10
181.582 19.8035 -58.4399 48.5641 66.1 31.7728 78.2525 13.2969 -30.2286 -39.6771 
19.8035 274.273 -20.9815 -85.2229 88.2321 -66.6189 78.2952 -28.1289 97.8942 24.4667 
-58.4399 -20.9815 256.157 50.9934 -75.573 47.3617 -2.46284 43.8765 -47.1664 -33.6955 
48.5641 -85.2229 50.9934 152.04 74.9077 90.6003 -82.8486 37.1563 -83.7031 -53.1175 
66.1 88.2321 -75.573 74.9077 194.76 -98.7182 -75.8721 49.6872 -73.4306 -72.2404 
31.7728 -66.6189 47.3617 90.6003 -98.7182 151.222 -67.9434 -61.0889 61.1621 -6.75375 
78.2525 78.2952 -2.46284 -82.8486 -75.8721 -67.9434 218.772 22.0374 37.0891 24.3324 
13.2969 -28.1289 43.8765 37.1563 49.6872 -61.0889 22.0374 144.594 -99.7559 96.7833 
-30.2286 97.8942 -47.1664 -83.7031 -73.4306 61.1621 37.0891 -99.7559 178.31 35.4656 
-39.6771 24.4667 -33.6955 -53.1175 -72.2404 -6.75375 24.3324 96.7833 35.4656 113.385 

